8.00 34.75 94.55 38.25 100.85 36.50
11.00 36.50 97.70 39.00 102.20 37.75
14.00 38.50 101.30 39.50 103.10 39.00
17.00 38.75 101.75 39.75 103.55 39.25
19.00 39.00 102.20 40.00 104.00 39.50
22.00 38.00 100.40 40.25 104.45 39.13
25.00 38.25 100.85 41.00 105.80 39.63
28.00 39.25 102.65 42.00 107.60 40.63
31.00 40.00 104.00 42.25 108.05 41.13
33.00 40.50 104.90 43.50 110.30 42.00
36.00 41.50 106.70 44.25 111.65 42.88
39.00 41.75 107.15 45.25 113.45 43.50
42.00 42.75 108.95 46.50 115.70 44.63
45.00 43.75 110.75 47.50 117.50 45.63
48.00 45.00 113.00 48.75 119.75 46.88
50.00 45.50 113.90 49.50 121.10 47.50
53.00 46.75 116.15 51.00 123.80 48.88
56.00 49.50 121.10 52.75 126.95 51.13
59.00 50.75 123.35 54.00 129.20 52.38
62.00 52.50 126.50 55.50 131.90 54.00
64.00 53.75 128.75 57.00 134.60 55.38
67.00 55.50 131.90 58.75 137.75 57.13
70.00 56.75 134.15 60.50 140.90 58.63
73.00 58.50 137.30 61.75 143.15 60.13
76.00 60.25 140.45 63.50 146.30 61.88
78.00 61.75 143.15 65.00 149.00 63.38
81.00 63.00 145.40 66.50 151.70 64.75
84.00 64.50 148.10 68.00 154.40 66.25
87.00 66.25 151.25 70.00 158.00 68.12
90.00 69.25 156.65 72.00 161.60 70.62
93.00 72.00 161.60 74.75 166.55 73.37
95.00 73.25 163.85 75.50 167.90 74.37
98.00 75.25 167.45 78.00 172.40 76.62
101.00 76.00 168.80 79.50 175.10 77.75
104.00 78.00 172.40 81.75 179.15 79.87
107.00 80.25 176.45 83.00 181.40 81.62
109.00 82.50 180.50 85.25 185.45 83.87
112.00 86.00 186.80 87.75 189.95 86.87
115.00 88.25 190.85 89.75 193.55 89.00
116.00 89.75 193.55 91.75 197.15 90.75
117.00 90.75 195.35 92.25 198.05 91.50
117.00 91.75 197.15 92.50 198.50 92.12
118.00 92.50 198.50 93.25 199.85 92.87
119.00 93.75 200.75 94.00 201.20 93.87
120.00 95.00 203.00 94.25 201.65 94.62
121.00 95.75 204.35 95.00 203.00 95.37
121.00 96.75 206.15 95.50 203.90 96.12
122.00 97.25 207.05 95.75 204.35 96.50
123.00 97.50 207.50 95.50 203.90 96.50
124.00 98.75 209.75 96.25 205.25 97.50
125.00 99.25 210.65 96.50 205.70 97.87
125.00 100.00 212.00 96.75 206.15 98.37
126.00 100.75 213.35 97.00 206.60 98.87
127.00 101.50 214.70 97.75 207.95 99.62
128.00 101.75 215.15 98.00 208.40 99.87
129.00 101.50 214.70 97.50 207.50 99.50
130.00 102.00 215.60 97.75 207.95 99.87
132.00 102.00 215.60 98.00 208.40 100.00
135.00 105.25 221.45 99.25 210.65 102.25
138.00 105.50 221.90 100.50 212.90 103.00
141.00 105.75 222.35 101.50 214.70 103.62
144.00 107.25 225.05 102.50 216.50 104.87
146.00 106.75 224.15 104.50 220.10 105.62
149.00 108.50 227.30 105.50 221.90 107.00
152.00 108.50 227.30 106.50 223.70 107.50
155.00 109.50 229.10 108.00 226.40 108.75
158.00 108.25 226.85 109.25 228.65 108.75
160.00 109.50 229.10 110.75 231.35 110.12
163.00 112.25 234.05 112.00 233.60 112.12
166.00 114.50 238.10 113.25 235.85 113.87
169.00 116.50 241.70 115.25 239.45 115.87
172.00 117.50 243.50 116.75 242.15 117.12
174.00 119.00 246.20 118.00 244.40 118.50
177.00 120.00 248.00 119.25 246.65 119.62
180.00 120.00 248.00 121.25 250.25 120.62
183.00 122.00 251.60 122.75 252.95 122.37
186.00 121.75 251.15 123.00 253.40 122.37
188.00 123.00 253.40 124.50 256.10 123.75
191.00 124.25 255.65 125.50 257.90 124.87
194.00 125.75 258.35 126.50 259.70 126.12
197.00 127.00 260.60 128.00 262.40 127.50
200.00 128.25 262.85 129.00 264.20 128.63
203.00 129.25 264.65 131.00 267.80 130.13
205.00 130.50 266.90 131.75 269.15 131.13
208.00 132.25 270.05 133.75 272.75 133.00
211.00 132.75 270.95 134.00 273.20 133.38
214.00 133.75 272.75 135.50 275.90 134.63
217.00 134.75 274.55 136.25 277.25 135.50
219.00 135.75 276.35 137.25 279.05 136.50
222.00 137.25 279.05 139.00 282.20 138.13
225.00 138.00 280.40 139.50 283.10 138.75
228.00 139.25 282.65 140.75 285.35 140.00
231.00 141.00 285.80 141.50 286.70 141.25
233.00 142.25 288.05 142.75 288.95 142.50
236.00 142.75 288.95 143.50 290.30 143.13
239.00 144.00 291.20 145.00 293.00 144.50
242.00 145.00 293.00 146.00 294.80 145.50
245.00 145.25 293.45 147.50 297.50 146.38
247.00 146.50 295.70 149.00 300.20 147.75
250.00 148.00 298.40 149.75 301.55 148.88
254.00 149.00 300.20 151.25 304.25 150.13
258.00 149.00 300.20 151.25 304.25 150.13
262.00 151.00 303.80 152.75 306.95 151.88
266.00 151.50 304.70 155.00 311.00 153.25
270.00 153.75 308.75 156.50 313.70 155.13
273.00 154.50 310.10 158.00 316.40 156.25
277.00 156.75 314.15 160.75 321.35 158.75
281.00 159.00 318.20 162.75 324.95 160.88
285.00 160.75 321.35 164.00 327.20 162.38
289.00 163.25 325.85 166.75 332.15 165.00
293.00 165.00 329.00 169.25 336.65 167.13
297.00 167.00 332.60 171.25 340.25 169.13
300.00 168.75 335.75 173.00 343.40 170.88
304.00 172.75 342.95 175.00 347.00 173.88
308.00 174.25 345.65 177.50 351.50 175.88
312.00 176.00 348.80 179.75 355.55 177.88
316.00 178.25 352.85 181.25 358.25 179.75
320.00 179.75 355.55 183.50 362.30 181.63
324.00 180.75 357.35 185.00 365.00 182.88
327.00 182.75 360.95 186.75 368.15 184.75
331.00 185.25 365.45 188.50 371.30 186.88
335.00 186.00 366.80 190.50 374.90 188.25
339.00 189.00 372.20 192.00 377.60 190.50
343.00 190.25 374.45 192.25 378.05 191.25
347.00 192.00 377.60 195.50 383.90 193.75
351.00 194.00 381.20 196.25 385.25 195.13
354.00 195.50 383.90 198.00 388.40 196.75
358.00 196.75 386.15 200.25 392.45 198.50
359.00 199.00 390.20 201.75 395.15 200.38
360.00 199.75 391.55 201.75 395.15 200.75
361.00 200.00 392.00 202.25 396.05 201.13
361.00 200.25 392.45 201.75 395.15 201.00
362.00 201.00 393.80 202.25 396.05 201.63
363.00 202.25 396.05 201.50 394.70 201.88
364.00 203.25 397.85 201.25 394.25 202.25
365.00 203.75 398.75 201.50 394.70 202.63
365.00 204.75 400.55 201.25 394.25 203.00
366.00 205.25 401.45 201.75 395.15 203.50
367.00 206.75 404.15 201.75 395.15 204.25
368.00 206.75 404.15 201.75 395.15 204.25
369.00 207.25 405.05 201.25 394.25 204.25
370.00 207.75 405.95 201.25 394.25 204.50
370.00 208.00 406.40 201.00 393.80 204.50
371.00 207.75 405.95 201.25 394.25 204.50
372.00 208.00 406.40 200.75 393.35 204.38
373.00 208.75 407.75 200.50 392.90 204.63
374.00 208.50 407.30 200.25 392.45 204.38
374.00 209.50 409.10 199.50 391.10 204.50
375.00 209.75 409.55 199.00 390.20 204.38
376.00 210.00 410.00 199.25 390.65 204.63
377.00 209.75 409.55 199.25 390.65 204.50
378.00 209.25 408.65 198.25 388.85 203.75
378.00 209.25 408.65 198.25 388.85 203.75
379.00 210.00 410.00 198.25 388.85 204.13
380.00 209.75 409.55 198.25 388.85 204.00
381.00 210.50 410.90 197.75 387.95 204.13
382.00 210.25 410.45 197.00 386.60 203.63
382.00 208.75 407.75 196.75 386.15 202.75
383.00 209.25 408.65 197.00 386.60 203.13
384.00 209.50 409.10 197.00 386.60 203.25
385.00 209.50 409.10 196.25 385.25 202.88
386.00 209.50 409.10 195.75 384.35 202.63
386.00 211.25 412.25 196.00 384.80 203.63
387.00 210.75 411.35 195.75 384.35 203.25
388.00 210.25 410.45 195.25 383.45 202.75
389.00 210.50 410.90 195.00 383.00 202.75
390.00 210.00 410.00 195.25 383.45 202.63
390.00 209.50 409.10 195.00 383.00 202.25
391.00 208.25 406.85 194.50 382.10 201.38
392.00 208.50 407.30 195.00 383.00 201.75
393.00 207.50 405.50 194.75 382.55 201.13
394.00 207.00 404.60 194.25 381.65 200.63
395.00 206.75 404.15 194.00 381.20 200.38
395.00 206.75 404.15 193.25 379.85 200.00
396.00 207.00 404.60 193.25 379.85 200.13
400.00 205.75 402.35 193.00 379.40 199.38
404.00 202.25 396.05 192.00 377.60 197.13
408.00 197.25 387.05 192.25 378.05 194.75
412.00 195.50 383.90 192.25 378.05 193.88
415.00 194.50 382.10 192.50 378.50 193.50
419.00 195.00 383.00 193.25 379.85 194.13
423.00 194.25 381.65 193.50 380.30 193.88
427.00 193.75 380.75 194.25 381.65 194.00
431.00 195.00 383.00 195.25 383.45 195.13
435.00 195.50 383.90 196.00 384.80 195.75
439.00 197.25 387.05 197.50 387.50 197.38
442.00 198.00 388.40 198.50 389.30 198.25
446.00 198.75 389.75 200.25 392.45 199.50
447.00 199.75 391.55 202.00 395.60 200.88
448.00 200.75 393.35 202.25 396.05 201.50
449.00 201.50 394.70 203.00 397.40 202.25
450.00 202.50 396.50 203.50 398.30 203.00
450.00 203.50 398.30 203.75 398.75 203.63
451.00 204.75 400.55 203.50 398.30 204.13
452.00 205.25 401.45 203.25 397.85 204.25
453.00 206.00 402.80 202.75 396.95 204.38
454.00 207.25 405.05 202.75 396.95 205.00
454.00 208.50 407.30 203.00 397.40 205.75
455.00 208.25 406.85 203.00 397.40 205.63
456.00 208.50 407.30 203.25 397.85 205.88
457.00 209.00 408.20 203.00 397.40 206.00
458.00 209.25 408.65 202.75 396.95 206.00
458.00 209.50 409.10 202.50 396.50 206.00
459.00 210.00 410.00 201.75 395.15 205.88
460.00 209.75 409.55 201.50 394.70 205.63
461.00 210.25 410.45 201.75 395.15 206.00
462.00 209.50 409.10 201.75 395.15 205.63
462.00 209.75 409.55 201.75 395.15 205.75
463.00 210.00 410.00 201.25 394.25 205.63
