9.59 31.12
10.37 31.00
11.15 31.12
11.93 31.12
12.71 31.25
13.49 31.37
14.27 31.62
15.05 31.62
15.82 31.87
16.60 31.50
17.38 31.75
18.16 31.75
18.94 31.87
19.72 32.00
20.50 32.25
21.28 32.13
22.05 32.13
22.83 32.25
23.61 32.50
24.39 33.00
25.17 33.00
25.95 32.75
26.73 32.88
27.51 33.13
28.29 33.13
29.07 33.50
29.85 33.75
30.62 33.88
31.40 34.00
32.18 34.25
32.96 34.38
33.74 34.50
34.52 34.63
35.30 34.75
36.08 35.13
36.86 35.38
37.64 35.75
38.42 35.88
39.19 36.13
39.97 36.25
40.75 36.50
41.53 36.88
42.31 36.88
43.09 37.25
43.87 37.75
44.65 38.13
45.43 38.50
46.20 38.63
46.98 39.25
47.76 39.50
48.54 39.75
49.32 40.13
50.10 40.25
50.88 40.38
51.66 40.38
52.44 40.25
53.22 40.63
53.99 41.13
54.77 41.38
55.55 41.63
56.33 41.88
57.11 42.13
57.89 42.38
58.67 42.88
59.45 42.88
60.23 43.63
61.01 44.00
61.79 44.13
62.56 44.25
63.34 44.38
64.12 44.75
64.90 45.00
65.68 45.50
66.46 46.00
67.24 46.63
68.02 46.88
68.79 46.63
69.57 46.63
70.35 47.13
71.13 47.38
71.91 47.75
72.69 48.00
73.47 48.25
74.25 48.50
75.03 48.75
75.81 49.13
76.58 49.88
77.36 50.25
78.14 50.63
78.92 50.88
79.70 51.38
80.48 51.63
81.26 52.00
82.04 52.25
82.82 52.75
83.60 53.00
84.37 53.50
85.15 54.00
85.93 54.38
86.71 54.88
87.49 55.50
88.27 56.00
89.05 56.63
89.83 56.75
90.61 57.13
91.38 57.50
92.16 57.63
92.94 58.25
93.72 58.88
94.50 59.63
95.28 60.00
96.06 60.25
96.84 60.63
97.62 60.88
98.40 61.13
99.18 61.38
99.95 61.88
100.73 62.38
101.51 62.75
102.29 63.50
103.07 63.50
103.85 63.88
104.63 64.25
105.41 64.87
106.19 65.25
106.97 65.37
107.75 65.75
108.52 66.12
109.30 66.75
110.08 66.87
110.86 67.50
111.64 68.12
112.42 68.50
113.20 69.00
113.98 69.62
114.76 69.87
115.54 70.50
116.31 70.50
117.09 71.00
117.87 71.12
118.65 71.62
119.43 72.00
120.21 72.37
120.99 72.87
121.77 73.37
122.55 73.75
123.33 74.00
124.11 74.12
124.88 74.25
125.66 74.50
126.44 75.12
127.22 75.12
128.00 75.50
128.78 75.75
129.56 76.12
130.34 76.75
131.12 76.87
131.90 77.37
132.67 77.62
133.45 78.12
134.23 78.37
135.01 78.50
135.79 78.75
136.57 79.25
137.35 79.37
138.13 79.62
138.91 79.62
139.69 80.00
140.47 80.37
141.24 80.62
142.02 81.37
142.80 81.62
143.58 81.75
144.36 82.00
145.14 82.25
145.92 82.87
146.70 83.12
147.48 83.00
148.26 83.25
149.03 83.87
149.81 84.12
150.59 83.87
151.37 84.12
152.15 84.87
152.93 85.37
153.71 86.00
154.49 85.87
155.27 86.37
156.05 86.87
156.82 87.00
