3.03 20.25 1
5.81 20.25 1
8.60 20.25 1
11.38 20.25 1
14.17 20.25 1
16.95 20.37 1
19.73 20.37 1
22.52 20.75 1
25.30 20.87 1
28.09 21.25 1
30.87 21.62 1
33.65 22.00 1
36.44 22.62 1
39.22 23.25 1
42.01 24.00 1
44.79 25.00 1
47.58 25.12 1
50.36 25.37 1
53.14 26.00 1
55.93 26.62 1
58.71 27.37 1
61.50 27.87 1
64.28 28.87 1
67.06 29.50 1
69.85 30.50 1
72.63 31.50 1
75.42 31.87 1
78.20 32.88 1
80.98 33.50 1
83.77 34.63 1
86.55 35.13 1
89.34 35.63 1
92.12 36.75 1
94.90 37.50 1
97.69 38.50 1
100.47 39.13 1
103.26 40.63 1
106.04 41.25 1
108.82 42.00 1
111.61 43.38 1
114.39 43.88 1
117.18 44.75 1
119.96 45.75 1
122.75 46.88 1
125.53 47.75 1
128.31 48.50 1
131.10 49.63 1
133.88 50.38 1
136.67 51.13 1
139.45 52.25 1
142.24 53.88 1
145.02 54.38 1
147.80 55.38 1
150.59 56.75 1
153.37 57.63 1
156.16 58.75 1
158.94 59.63 1
161.72 61.13 1
164.51 61.75 1
167.29 63.13 1
170.08 64.12 1
172.86 64.87 1
175.64 66.12 1
178.43 66.00 1
181.21 67.12 1
184.00 68.62 1
186.78 69.12 1
189.57 70.00 1
192.35 70.75 1
195.13 71.75 1
197.92 73.12 1
200.70 73.25 1
203.49 74.00 1
206.27 74.12 1
209.05 75.12 1
211.84 75.87 1
214.62 77.25 1
217.41 78.12 1
220.19 78.12 1
222.97 78.37 1
225.76 79.75 1
228.54 80.87 1
231.33 80.62 1
234.11 80.75 1
236.90 81.75 1
239.68 82.62 1
242.46 84.12 1
245.25 84.00 1
248.03 84.50 1
250.82 84.75 1
253.60 86.25 1
256.39 86.87 1
259.17 87.00 1
261.95 88.37 1
264.74 88.50 1
267.52 89.37 1
270.30 90.50 1
273.09 90.87 1
275.87 91.25 1
278.66 91.25 1
281.44 92.50 1
284.23 93.00 1
287.01 93.25 1
289.80 93.37 1
292.58 93.75 1
295.36 95.12 1
298.15 94.75 1
300.93 95.25 1
303.72 95.50 1
306.50 96.50 1
309.28 97.25 1
312.07 97.50 1
314.85 97.87 1
317.64 98.37 1
320.42 98.87 1
323.20 99.50 1
325.99 99.25 1
328.78 100.25 1
331.57 100.62 1
334.36 101.50 1
337.14 101.25 1
339.93 101.37 1
342.72 101.75 1
345.51 102.37 1
348.30 102.87 1
351.09 104.25 1
353.88 104.62 1
356.67 105.37 1
359.46 105.50 1
362.25 105.37 1
365.04 105.25 1
367.83 105.62 1
370.61 106.75 1
373.40 106.75 1
376.19 107.25 1
378.98 108.00 1
381.77 108.50 1
384.56 109.12 1
387.35 109.00 1
390.14 109.25 1
392.93 109.25 1
395.72 110.00 1
398.51 110.75 1
401.30 110.87 1
404.08 111.12 1
406.88 111.12 1
409.66 111.75 1
412.45 112.12 1
415.24 113.50 1
418.03 113.37 1
420.82 114.12 1
423.61 114.25 1
426.40 114.00 1
429.19 114.37 1
431.98 114.12 1
434.77 115.12 1
437.56 115.25 1
440.34 115.62 1
443.13 116.37 1
445.92 117.12 1
448.71 117.12 1
451.50 117.25 1
454.29 117.12 1
457.08 117.75 1
459.87 118.12 1
462.66 118.00 1
465.45 119.12 1
468.24 119.75 1
471.02 120.37 1
473.82 120.37 1
476.60 120.87 1
479.39 121.25 1
482.18 121.12 1
484.97 121.37 1
487.76 121.50 1
490.55 122.12 1
493.34 121.87 1
496.13 123.25 1
498.92 123.87 1
501.71 124.12 1
504.50 124.00 1
507.29 124.25 1
510.07 125.37 1
512.86 125.00 1
515.65 125.50 1
518.44 125.25 1
521.23 125.50 1
524.02 126.25 1
526.81 126.25 1
529.60 126.87 1
532.39 126.87 1
535.18 127.37 1
537.97 127.37 1
540.76 127.75 1
543.54 129.13 1
546.33 129.00 1
549.12 129.25 1
551.91 129.50 1
554.70 129.63 1
557.49 129.50 1
560.28 129.63 1
563.07 129.88 1
565.86 130.00 1
568.65 130.63 1
571.44 131.00 1
574.22 131.00 1
577.01 131.50 1
579.80 131.38 1
582.59 132.25 1
585.38 131.63 1
588.17 131.50 1
590.96 132.25 1
593.75 131.00 1
596.54 131.25 1
599.33 131.63 1
602.12 132.13 1
604.91 132.25 1
607.70 132.13 1
610.48 132.63 1
613.27 132.38 1
616.06 132.75 1
618.85 132.75 1
621.64 133.25 1
624.43 133.75 1
627.22 133.63 1
630.01 134.38 1
632.80 134.13 1
635.59 134.38 1
638.38 134.63 1
641.17 134.38 1
643.96 134.50 1
646.75 135.63 1
649.53 135.00 1
652.32 134.50 1
655.11 134.63 1
657.90 135.50 1
660.69 135.63 1
663.48 135.63 1
666.27 136.38 1
669.06 135.75 1
671.85 136.75 1
674.64 137.25 1
677.43 137.00 1
680.21 137.50 1
683.00 137.75 1
685.79 137.75 1
688.58 138.25 1
691.37 138.63 1
694.16 138.13 1
696.95 138.38 1
699.74 139.13 1
702.53 138.13 1
705.32 138.38 1
708.11 139.13 1
710.90 139.63 1
713.68 140.13 1
716.47 139.50 1
719.26 140.63 1
722.05 141.00 1
724.84 141.00 1
727.63 140.88 1
730.42 138.75 1
733.21 130.13 1
736.00 133.25 1
738.79 135.63 1
741.58 137.00 1
744.37 137.50 1
747.16 137.75 1
749.94 138.88 1
752.73 139.13 1
755.52 139.75 1
758.31 139.75 1
761.10 140.25 1
763.89 140.75 1
766.68 141.38 1
769.47 141.38 1
772.26 141.63 1
775.05 141.50 1
777.84 142.00 1
780.63 141.88 1
783.41 142.63 1
786.20 142.50 1
788.99 143.13 1
791.78 142.50 1
794.57 143.13 1
797.36 143.63 1
800.15 143.63 1
802.94 143.63 1
805.73 144.00 1
808.52 144.13 1
811.31 144.13 1
814.10 144.50 1
816.88 145.00 1
819.67 145.13 1
822.46 145.13 1
825.25 145.63 1
828.04 145.75 1
830.83 145.63 1
833.62 145.88 1
836.41 146.38 1
839.20 145.75 1
841.99 146.38 1
844.78 145.75 1
847.57 145.88 1
850.35 146.63 1
853.14 146.50 1
855.93 145.75 1
858.72 146.13 1
861.51 146.13 1
864.30 146.25 1
867.09 146.25 1
869.88 146.75 1
872.67 146.63 1
875.46 146.25 1
878.25 146.63 1
881.04 146.38 1
883.83 147.13 1
886.61 147.13 1
889.40 147.25 1
892.19 147.88 1
894.98 147.75 1
897.77 147.63 1
900.56 147.88 1
903.35 147.75 1
906.14 148.25 1
908.93 148.63 1
911.72 148.00 1
914.51 147.50 1
917.30 147.50 1
920.09 146.50 1
922.87 145.75 1
925.66 144.75 1
928.45 144.25 1
931.24 144.00 1
934.03 143.00 1
936.82 142.75 1
939.61 142.00 1
942.40 141.00 1
945.19 140.75 1
947.98 139.75 1
950.77 139.13 1
953.55 138.88 1
956.34 138.75 1
959.13 138.13 1
961.92 138.38 1
964.71 138.50 1
967.50 138.25 1
970.29 138.38 1
973.08 138.63 1
975.87 138.50 1
978.66 138.25 1
981.45 139.00 1
984.24 139.00 1
987.03 139.50 1
989.81 139.38 1
992.60 139.88 1
995.39 139.75 1
998.18 139.75 1
1000.97 139.88 1
1003.76 140.38 1
1006.55 140.63 1
1009.34 140.50 1
1012.13 140.75 1
1014.92 141.25 1
1017.71 141.63 1
1020.50 141.50 1
1023.28 142.00 1
1026.07 142.38 1
1028.86 142.38 1
1031.65 142.38 1
1034.44 142.88 1
1037.23 143.63 1
1040.02 143.63 1
1042.81 143.88 1
1045.60 143.50 1
1048.39 144.63 1
1051.18 143.50 1
1053.97 144.00 1
1056.76 144.13 1
1059.55 144.13 1
1062.33 144.50 1
1065.12 144.38 1
1067.91 144.75 1
1070.70 145.00 1
1073.49 144.50 1
1076.28 144.13 1
1079.07 143.88 1
1081.86 144.00 1
1084.65 143.50 1
1087.44 143.13 1
1090.23 142.25 1
1093.02 141.50 1
1095.80 140.88 1
1098.59 140.25 1
1101.38 139.50 1
1104.17 139.38 1
1106.96 138.63 1
1109.75 137.88 1
1112.54 137.63 1
1115.33 137.25 1
